189
0 L 0 1131 1
1 L 0 1131 1
2 L 0 1131 1
3 L 0 967 1
4 L 0 967 1
5 L 0 967 1
6 L 0 967 1
7 L 0 1059 1
8 L 0 1059 1
9 L 0 1280 1
10 L 0 1280 1
11 L 0 1713 1
12 L 0 1713 1
13 L 0 1713 1
14 L 0 1713 1
15 L 0 1896 1
16 L 0 1896 1
17 L 0 1896 1
18 L 0 1896 1
19 L 0 1896 1
20 L 0 1896 1
21 L 0 1881 1
22 L 0 1881 1
23 L 0 1086 1
24 L 0 1086 1
25 L 0 1086 1
26 L 0 1086 1
27 L 0 1086 1
28 L 0 505 1
29 L 0 505 1
0 L 0 505 1
1 L 0 505 1
2 L 0 1741 1
3 L 0 63 1
4 L 0 63 1
5 L 0 789 1
6 L 0 789 1
7 L 0 789 1
8 L 0 1910 1
9 L 0 1910 1
10 L 0 1910 1
11 L 0 1910 1
12 L 0 1910 1
13 L 0 1910 1
14 L 0 1910 1
15 L 0 660 1
16 L 0 660 1
17 L 0 660 1
18 L 0 660 1
19 L 0 660 1
20 L 0 660 1
21 L 0 1486 1
22 L 0 1486 1
23 L 0 1486 1
24 L 0 1486 1
25 L 0 1886 1
26 L 0 1886 1
27 L 0 1886 1
28 L 0 745 1
29 L 0 1020 1
0 L 0 325 1
1 L 0 1019 1
2 L 0 1020 1
3 L 0 1792 1
4 L 0 1792 1
5 L 0 1792 1
6 L 0 1792 1
7 L 0 913 1
8 L 0 1715 1
9 L 0 1019 1
10 L 0 1715 1
11 L 0 1715 1
12 L 0 1715 1
13 L 0 1715 1
14 L 0 1715 1
15 L 0 1719 1
16 L 0 1719 1
17 L 0 1719 1
18 L 0 1719 1
19 L 0 1719 1
20 L 0 1719 1
21 L 0 1966 1
22 L 0 1214 1
23 L 0 1214 1
24 L 0 801 1
25 L 0 801 1
26 L 0 801 1
27 L 0 1618 1
28 L 0 1084 1
29 L 0 818 1
0 L 0 1084 1
1 L 0 483 1
2 L 0 1987 1
3 L 0 1987 1
4 L 0 1987 1
5 L 0 483 1
6 L 0 483 1
7 L 0 1462 1
8 L 0 937 1
9 L 0 1462 1
10 L 0 1719 1
11 L 0 1719 1
12 L 0 1719 1
13 L 0 1719 1
14 L 0 1719 1
15 D 0 1896 1
16 D 1 660 1
17 D 4 1719 1
18 D 9 1719 1
19 D 102 660 1
20 D 228 660 1
21 L 0 1084 1
22 L 0 1462 1
23 L 0 1843 1
24 L 0 820 1
25 L 0 488 1
26 L 0 488 1
27 L 0 488 1
28 D 1 505 1
29 L 0 1462 1
0 D 0 1131 1
1 D 3 1019 1
2 L 0 1462 1
3 L 0 1462 1
4 L 0 1462 1
5 L 0 1462 1
6 L 0 1462 1
7 L 0 62 1
8 D 0 1059 1
9 L 0 62 1
10 L 0 513 1
11 D 0 1713 1
12 D 1 1910 1
13 D 4 1715 1
14 D 35 1910 1
21 L 0 1956 1
22 D 0 1881 1
23 L 0 441 1
24 L 0 513 1
25 L 0 1628 1
26 L 0 1628 1
27 L 0 1956 1
29 L 0 513 1
2 D 1 1741 1
3 L 0 1258 1
4 L 0 1258 1
5 D 0 967 1
6 D 1 789 1
7 D 2 913 1
9 L 0 1495 1
10 D 0 1280 1
21 D 1 1486 1
23 D 0 1086 1
24 D 3 801 1
25 D 1 1886 1
26 D 5 488 1
27 D 3 1618 1
29 D 2 1020 1
3 D 1 63 1
4 D 2 1792 1
9 D 20 1280 1
9 L 0 1204 1
9 L 0 1495 1
9 D 5 1204 1
19 L 0 15 1
19 L 0 513 1
19 D 4 15 1
16 L 0 1331 1
28 L 0 1788 1
12 L 0 795 1
16 L 0 1843 1
28 L 0 704 1
2 L 0 1002 1
6 L 0 488 1
12 L 0 587 1
16 D 4 1331 1
21 L 0 1023 1
25 L 0 1788 1
28 D 2 745 1
2 L 0 145 1
3 L 0 704 1
6 L 0 145 1
12 D 4 795 1
21 L 0 918 1
25 D 4 1788 1
2 D 4 1987 1
3 D 21 1462 1
6 D 6 488 1
21 D 2 1966 1
